(noname)+
* Box_0
3
box
5 5 0.01
0 0 -0.01
0 0 0 1
0 0 255 1
box
0.08 0.12 0.01
0.26 0 0.275
0 0 0 1
0 0 0 0
box
0.08 0.12 0.01
-0.26 0 0.275
0 0 0 1
0 0 0 0
* Box_1
3
box
0.08 0.12 0.01
-0.26 0 0.1
0 0 0 1
0 0 0 0
box
0.08 0.12 0.01
0.26 0 0.095
0 0 0 1
0 0 0 0
box
0.08 0.12 0.01
0.26 0 0.095
0 0 0 1
0 0 0 0
* Box_2
3
box
0.08 0.12 0.01
-0.26 0 0.185
0 0 0 1
0 0 0 0
box
0.08 0.12 0.01
0.26 0 0.185
0 0 0 1
0 0 0 0
box
0.08 0.12 0.01
0.26 0 0.185
0 0 0 1
0 0 0 0
* Box_3
3
box
0.08 0.01 0.29
-0.26 0.06 0.135
0 0 0 1
0 0 0 0
box
0.08 0.01 0.29
0.26 0.06 0.135
0 0 0 1
0 0 0 0
box
0.08 0.01 0.29
0.26 -0.06 0.135
0 0 0 1
0 0 0 0
* Box_4
3
box
0.08 0.01 0.29
-0.26 -0.06 0.135
0 0 0 1
0 0 0 0
box
0.08 0.01 0.29
0.26 -0.06 0.135
0 0 0 1
0 0 0 0
box
0.08 0.01 0.29
0.26 -0.06 0.135
0 0 0 1
0 0 0 0
* Box_6
3
box
0.01 0.13 0.29
-0.3 0 0.135
0 0 0 1
0 0 0 0
box
0.01 0.13 0.29
0.3 0 0.135
0 0 0 1
0 0 0 0
box
0.01 0.13 0.27
0.3 0 0.12
0 0 0 1
0 0 0 0
.
